Record Nn' Vn' Fn' On'  Nv   Vv  Fv' Ov' No' Vo' Fo'  Q Se   Q +P   V Se   V +P  V FPR
ltstdb/s20011 98284   2   0  17   0    0   0   0 1767   0   0  98.23  99.98   0.00      -  0.000
ltstdb/s20021 88812 132   1  74   0    0   0   0  12   6   0  99.98  99.92   0.00      -  0.000
ltstdb/s20031 108880   0   0 287   0    0   0   0 619   1   1  99.43  99.74   0.00      -  0.000
ltstdb/s20041 102619 5896   6  14   0    0   0   0 251 531   1  99.28  99.99   0.00      -  0.000
ltstdb/s20051 110971   1   2   1   0    0   0   0 1916   1   0  98.30 100.00   0.00      -  0.000
ltstdb/s20061 115530 729   0   1   0    0   0   0 1619  47   0  98.59 100.00   0.00      -  0.000
ltstdb/s20071 85687   4   0  32   0    0   0   0  66   1   0  99.92  99.96   0.00      -  0.000
ltstdb/s20081 110509 1215  18   1   0    0   0   0 1156  77   4  98.91 100.00   0.00      -  0.000
ltstdb/s20091 110270   0   0   2   0    0   0   0 1300   0   0  98.83 100.00      -      -  0.000
ltstdb/s20101 70549 7080 364 645   0    0   0   0   3   1  20  99.97  99.18   0.00      -  0.000
ltstdb/s20111 85245   3   0  36   0    0   0   0  17   0   0  99.98  99.96   0.00      -  0.000
ltstdb/s20121 84931 534   0  14   0    0   0   0  15  46   0  99.93  99.98   0.00      -  0.000
ltstdb/s20131 105206 483   6   8   0    0   0   0 593  12   0  99.43  99.99   0.00      -  0.000
ltstdb/s20141 115658   0   0   3   0    0   0   0 1016   0   0  99.13 100.00      -      -  0.000
ltstdb/s20151 14526  57   3   4   0    0   0   0 64972 109   8  18.31  99.97   0.00      -  0.000
ltstdb/s20161 83594   7   1 2172   0    0   0   0  95   1   0  99.89  97.47   0.00      -  0.000
ltstdb/s20171 126083   5   0   7   0    0   0   0 434   4   0  99.65  99.99   0.00      -  0.000
ltstdb/s20181 105450 122   1 320   0    0   0   0 1402   3   0  98.69  99.70   0.00      -  0.000
ltstdb/s20191 28676   6   0 4369   0    0   0   0 68949   1   0  29.38  86.78   0.00      -  0.000
ltstdb/s20201 91442   8   0  28   0    0   0   0  24   3   0  99.97  99.97   0.00      -  0.000
ltstdb/s20211 99170  13   1  24   0    0   0   0 672   4   0  99.32  99.98   0.00      -  0.000
ltstdb/s20221 118820  24   0   2   0    0   0   0 335   3   0  99.72 100.00   0.00      -  0.000
ltstdb/s20231  4231   0   0   5   0    0   0   0 98866   2   1   4.10  99.88   0.00      -  0.000
ltstdb/s20241 91972   4   0  13   0    0   0   0 461   2   0  99.50  99.99   0.00      -  0.000
ltstdb/s20251 108161   7   0 371   0    0   0   0 205   0   0  99.81  99.66   0.00      -  0.000
ltstdb/s20261 52760 256   1   0   0    0   0   0 48804 490   0  51.82 100.00   0.00      -  0.000
ltstdb/s20271 105572 7173   0  74   0    0   0   0 736 720   0  98.73  99.93   0.00      -  0.000
ltstdb/s20272 117167 359   0 103   0    0   0   0 549   2   0  99.53  99.91   0.00      -  0.000
ltstdb/s20273 103109 543   0 598   0    0   0   0 305  63   0  99.65  99.43   0.00      -  0.000
ltstdb/s20274 118518 577   2 324   0    0   0   0 1839 125   0  98.38  99.73   0.00      -  0.000
ltstdb/s20281 73076   0   0  40   0    0   0   0   0   0   0 100.00  99.95      -      -  0.000
ltstdb/s20291 76059 410   0 932   0    0   0   0 118   0   0  99.85  98.80   0.00      -  0.000
ltstdb/s20301 106735  24   0  12   0    0   0   0  20   0   0  99.98  99.99   0.00      -  0.000
ltstdb/s20311 85699   3   0 3935   0    0   0   0 486   0   0  99.44  95.61   0.00      -  0.000
ltstdb/s20321 91713 147   0  42   0    0   0   0  15  54   0  99.92  99.95   0.00      -  0.000
ltstdb/s20331 84001   4   3  25   0    0   0   0   8   2   0  99.99  99.97   0.00      -  0.000
ltstdb/s20341 100013  79   0  55   0    0   0   0 153   8   2  99.84  99.95   0.00      -  0.000
ltstdb/s20351 118315 728   0   8   0    0   0   0 541  68   0  99.49  99.99   0.00      -  0.000
ltstdb/s20361 105227   9   1 463   0    0   0   0 449   2   0  99.57  99.56   0.00      -  0.000
ltstdb/s20371 95729   4   0  32   0    0   0   0  16   1   0  99.98  99.97   0.00      -  0.000
ltstdb/s20381 102446  45   0  51   0    0   0   0 473   8   0  99.53  99.95   0.00      -  0.000
ltstdb/s20391 100492  92   0  80   0    0   0   0 2149 109   7  97.80  99.92   0.00      -  0.000
ltstdb/s20401 76347  59   0 304   0    0   0   0 925   2   0  98.80  99.60   0.00      -  0.000
ltstdb/s20411 84600  23   0 401   0    0   0   0  84   0   0  99.90  99.53   0.00      -  0.000
ltstdb/s20421 17716   6   1  13   0    0   0   0 75152  87   4  19.06  99.93   0.00      -  0.000
ltstdb/s20431 101680  29   0  76   0    0   0   0 710   4   0  99.30  99.93   0.00      -  0.000
ltstdb/s20441 89655 3435   0 170   0    0   0   0  36   1   0  99.96  99.82   0.00      -  0.000
ltstdb/s20451 25943   0   0 208   0    0   0   0 62109   3   0  29.46  99.20   0.00      -  0.000
ltstdb/s20461 98851   2   0  27   0    0   0   0  19   0   0  99.98  99.97   0.00      -  0.000
ltstdb/s20471 115090  54   0  41   0    0   0   0 151   7   1  99.86  99.96   0.00      -  0.000
ltstdb/s20481 91248   0   0 572   0    0   0   0 207   0   0  99.77  99.38      -      -  0.000
ltstdb/s20491 96027 743   0 293   0    0   0   0 149  32   0  99.81  99.70   0.00      -  0.000
ltstdb/s20501 27645  86   1   3   0    0   0   0 114577 416   0  19.43  99.99   0.00      -  0.000
ltstdb/s20511 82289   7   2 1225   0    0   0   0 424   1   0  99.49  98.53   0.00      -  0.000
ltstdb/s20521 75219  10   0 833   0    0   0   0 104   3   0  99.86  98.90   0.00      -  0.000
ltstdb/s20531 86320  61   1 382   0    0   0   0 202   0   0  99.77  99.56   0.00      -  0.000
ltstdb/s20541 110596 553   5 112   0    0   0   0 3986  10   1  96.53  99.90   0.00      -  0.000
ltstdb/s20551 100448  48   2 206   0    0   0   0  68  63   0  99.87  99.80   0.00      -  0.000
ltstdb/s20561 100491  71   1  92   0    0   0   0 253   0   0  99.75  99.91   0.00      -  0.000
ltstdb/s20571 86550 2233   4 139   0    0   0   0 125  55   1  99.80  99.84   0.00      -  0.000
ltstdb/s20581 84887  16   0  72   0    0   0   0  30   2   0  99.96  99.92   0.00      -  0.000
ltstdb/s20591 84140   3   0 5597   0    0   0   0  18   0   0  99.98  93.76   0.00      -  0.000
ltstdb/s20601 116548   2   0 241   0    0   0   0 393   0   0  99.66  99.79   0.00      -  0.000
ltstdb/s20611 234212   0   0 208   0    0   0   0 1742   0   0  99.26  99.91      -      -  0.000
ltstdb/s20621 108995 1199   1 1874   0    0   0   0 1998 176   0  98.07  98.33   0.00      -  0.000
ltstdb/s20631 99949   0   0 108   0    0   0   0  87   0   0  99.91  99.89      -      -  0.000
ltstdb/s20641 83841 781   0 8864   0    0   0   0 231   1   0  99.73  90.52   0.00      -  0.000
ltstdb/s20651 103350 325   0 3706   0    0   0   0 182   7   0  99.82  96.55   0.00      -  0.000
ltstdb/s30661 131397  57   1  24   0    0   0   0 12987   3   2  91.01  99.98   0.00      -  0.000
ltstdb/s30671 98659 176   2  41   0    0   0   0  29 174   0  99.80  99.96   0.00      -  0.000
ltstdb/s30681 121427  10   0 197   0    0   0   0 5209   5   0  95.88  99.84   0.00      -  0.000
ltstdb/s30691 96567   1   0 17011   0    0   0   0 5115   0   0  94.97  85.02   0.00      -  0.000
ltstdb/s30701 106807   0   0   6   0    0   0   0 271   0   0  99.75  99.99      -      -  0.000
ltstdb/s30711 123490 18993   7  10   0    0   0   0 10798  48   0  92.93  99.99   0.00      -  0.000
ltstdb/s30721 105351 335   0 7127   0    0   0   0 950   0   0  99.11  93.68   0.00      -  0.000
ltstdb/s30731 105977  35  11  74   0    0   0   0  33   1   0  99.97  99.93   0.00      -  0.000
ltstdb/s30732 96556  25   2  58   0    0   0   0  32   0   0  99.97  99.94   0.00      -  0.000
ltstdb/s30741 122702   0   0   2   0    0   0   0 759   0   0  99.39 100.00      -      -  0.000
ltstdb/s30742 113338   0   0   6   0    0   0   0 429   0   0  99.62  99.99      -      -  0.000
ltstdb/s30751 102385 3352   8  54   0    0   0   0 195 124   0  99.70  99.95   0.00      -  0.000
ltstdb/s30752 113851 5836  19 132   0    0   0   0 703 155   3  99.29  99.89   0.00      -  0.000
ltstdb/s30761 112000 3166  58 1315   0    0   0   0 1772  48   0  98.45  98.87   0.00      -  0.000
ltstdb/s30771 76273   6   0 10676   0    0   0   0 1794   0   0  97.70  87.72   0.00      -  0.000
ltstdb/s30781 92635 374   6 3408   0    0   0   0 17037  34   1  84.49  96.47   0.00      -  0.000
ltstdb/s30791 100354  53   1   4   0    0   0   0  70   4   0  99.93 100.00   0.00      -  0.000
ltstdb/s30801 62025   0   0 15898   0    0   0   0 32348   0   0  65.72  79.60      -      -  0.000
______________________________________________________________________________________
Sum  8166338 68950 543 97034   0    0   0   0 657919 3973  57
Gross                                                   92.56  98.84   0.00      -  0.000
Average                                                 92.51  98.69   0.00      -  0.000
Total QRS complexes: 8897780  Total VEBs: 72923

Summary of results from 86 records
