Record Nn' Vn' Fn' On'  Nv   Vv  Fv' Ov' No' Vo' Fo'  Q Se   Q +P   V Se   V +P  V FPR
ltstdb/s20011 98287   2   0 31712   0    0   0   0 1764   0   0  98.24  75.61   0.00      -  0.000
ltstdb/s20021 88817 133   1 28217   0    0   0   0   7   5   0  99.99  75.92   0.00      -  0.000
ltstdb/s20031 108904   0   0 30420   0    0   0   0 595   1   1  99.45  78.17   0.00      -  0.000
ltstdb/s20041 102620 5898   6 32042   0    0   0   0 250 529   1  99.29  77.21   0.00      -  0.000
ltstdb/s20051 110971   1   2 23070   0    0   0   0 1916   1   0  98.30  82.79   0.00      -  0.000
ltstdb/s20061 115530 729   0 28681   0    0   0   0 1619  47   0  98.59  80.21   0.00      -  0.000
ltstdb/s20071 85689   4   0 27244   0    0   0   0  64   1   0  99.92  75.88   0.00      -  0.000
ltstdb/s20081 110509 1215  18 26948   0    0   0   0 1156  77   4  98.91  80.57   0.00      -  0.000
ltstdb/s20091 110270   0   0 28301   0    0   0   0 1300   0   0  98.83  79.58      -      -  0.000
ltstdb/s20101 70551 7080 363 25666   0    0   0   0   1   1  21  99.97  75.24   0.00      -  0.000
ltstdb/s20111 85250   3   0 27492   0    0   0   0  12   0   0  99.99  75.62   0.00      -  0.000
ltstdb/s20121 84932 534   0 28522   0    0   0   0  14  46   0  99.93  74.98   0.00      -  0.000
ltstdb/s20131 105207 483   6 29336   0    0   0   0 592  12   0  99.43  78.27   0.00      -  0.000
ltstdb/s20141 115658   0   0 28222   0    0   0   0 1016   0   0  99.13  80.39      -      -  0.000
ltstdb/s20151 14526  57   3 4942   0    0   0   0 64972 109   8  18.31  74.69   0.00      -  0.000
ltstdb/s20161 83617   7   1 30730   0    0   0   0  72   1   0  99.91  73.13   0.00      -  0.000
ltstdb/s20171 126084   5   0 35673   0    0   0   0 433   4   0  99.65  77.95   0.00      -  0.000
ltstdb/s20181 103533 118   1 32363   0    0   0   0 3319   7   0  96.89  76.21   0.00      -  0.000
ltstdb/s20191 29975   6   0 15597   0    0   0   0 67650   1   0  30.71  65.78   0.00      -  0.000
ltstdb/s20201 91443   8   0 29554   0    0   0   0  23   3   0  99.97  75.58   0.00      -  0.000
ltstdb/s20211 99172  13   1 28780   0    0   0   0 670   4   0  99.33  77.51   0.00      -  0.000
ltstdb/s20221 118820  24   0 29104   0    0   0   0 335   3   0  99.72  80.33   0.00      -  0.000
ltstdb/s20231  4231   0   0 1366   0    0   0   0 98866   2   1   4.10  75.59   0.00      -  0.000
ltstdb/s20241 91972   4   0 27270   0    0   0   0 461   2   0  99.50  77.13   0.00      -  0.000
ltstdb/s20251 108182   7   0 33021   0    0   0   0 184   0   0  99.83  76.62   0.00      -  0.000
ltstdb/s20261 52760 256   1 16955   0    0   0   0 48804 490   0  51.82  75.77   0.00      -  0.000
ltstdb/s20271 105574 7172   0 29676   0    0   0   0 734 721   0  98.73  79.16   0.00      -  0.000
ltstdb/s20272 117175 359   0 30015   0    0   0   0 541   2   0  99.54  79.66   0.00      -  0.000
ltstdb/s20273 103141 543   0 31690   0    0   0   0 273  63   0  99.68  76.59   0.00      -  0.000
ltstdb/s20274 118542 577   2 27862   0    0   0   0 1815 125   0  98.40  81.04   0.00      -  0.000
ltstdb/s20281 73076   0   0 23785   0    0   0   0   0   0   0 100.00  75.44      -      -  0.000
ltstdb/s20291 76096 410   0 26106   0    0   0   0  81   0   0  99.89  74.56   0.00      -  0.000
ltstdb/s20301 106736  24   0 34386   0    0   0   0  19   0   0  99.98  75.64   0.00      -  0.000
ltstdb/s20311 85778   3   0 37547   0    0   0   0 407   0   0  99.53  69.56   0.00      -  0.000
ltstdb/s20321 91719 147   0 30053   0    0   0   0   9  54   0  99.93  75.35   0.00      -  0.000
ltstdb/s20331 84003   4   3 26669   0    0   0   0   6   2   0  99.99  75.90   0.00      -  0.000
ltstdb/s20341 100016  79   0 30047   0    0   0   0 150   8   2  99.84  76.91   0.00      -  0.000
ltstdb/s20351 118317 728   0 32456   0    0   0   0 539  68   0  99.49  78.58   0.00      -  0.000
ltstdb/s20361 105259   9   1 32414   0    0   0   0 417   2   0  99.60  76.46   0.00      -  0.000
ltstdb/s20371 95735   4   0 31136   0    0   0   0  10   1   0  99.99  75.46   0.00      -  0.000
ltstdb/s20381 102449  46   0 30820   0    0   0   0 470   7   0  99.54  76.88   0.00      -  0.000
ltstdb/s20391 100499  92   0 24564   0    0   0   0 2142 109   7  97.80  80.37   0.00      -  0.000
ltstdb/s20401 76369  59   0 23984   0    0   0   0 903   2   0  98.83  76.11   0.00      -  0.000
ltstdb/s20411 84626  23   0 29040   0    0   0   0  58   0   0  99.93  74.46   0.00      -  0.000
ltstdb/s20421 17716   6   1 4954   0    0   0   0 75152  87   4  19.06  78.15   0.00      -  0.000
ltstdb/s20431 101686  29   0 28407   0    0   0   0 704   4   0  99.31  78.17   0.00      -  0.000
ltstdb/s20441 89663 3435   0 30575   0    0   0   0  28   1   0  99.97  75.28   0.00      -  0.000
ltstdb/s20451 25956   0   0 8465   0    0   0   0 62096   3   0  29.48  75.41   0.00      -  0.000
ltstdb/s20461 98855   2   0 30952   0    0   0   0  15   0   0  99.98  76.16   0.00      -  0.000
ltstdb/s20471 115093  54   0 36605   0    0   0   0 148   7   1  99.86  75.88   0.00      -  0.000
ltstdb/s20481 91259   0   0 32796   0    0   0   0 196   0   0  99.79  73.56      -      -  0.000
ltstdb/s20491 96046 743   0 31020   0    0   0   0 130  32   0  99.83  75.73   0.00      -  0.000
ltstdb/s20501 27645  86   1 3143   0    0   0   0 114577 416   0  19.43  89.82   0.00      -  0.000
ltstdb/s20511 82350   7   2 28500   0    0   0   0 363   1   0  99.56  74.29   0.00      -  0.000
ltstdb/s20521 75239  10   0 25319   0    0   0   0  84   3   0  99.88  74.82   0.00      -  0.000
ltstdb/s20531 86351  61   1 32930   0    0   0   0 171   0   0  99.80  72.41   0.00      -  0.000
ltstdb/s20541 110605 554   5 25240   0    0   0   0 3977   9   1  96.54  81.50   0.00      -  0.000
ltstdb/s20551 100456  48   2 29719   0    0   0   0  60  63   0  99.88  77.18   0.00      -  0.000
ltstdb/s20561 100497  71   1 28948   0    0   0   0 247   0   0  99.75  77.65   0.00      -  0.000
ltstdb/s20571 86563 2234   4 28789   0    0   0   0 112  54   1  99.81  75.52   0.00      -  0.000
ltstdb/s20581 84890  16   0 27759   0    0   0   0  27   2   0  99.97  75.36   0.00      -  0.000
ltstdb/s20591 84147   3   0 36024   0    0   0   0  11   0   0  99.99  70.02   0.00      -  0.000
ltstdb/s20601 116568   2   0 34323   0    0   0   0 373   0   0  99.68  77.25   0.00      -  0.000
ltstdb/s20611 234234   0   0 62356   0    0   0   0 1720   0   0  99.27  78.98      -      -  0.000
ltstdb/s20621 109011 1200   1 31356   0    0   0   0 1982 175   0  98.08  77.85   0.00      -  0.000
ltstdb/s20631 99956   0   0 31355   0    0   0   0  80   0   0  99.92  76.12      -      -  0.000
ltstdb/s20641 83957 781   0 37176   0    0   0   0 115   1   0  99.86  69.51   0.00      -  0.000
ltstdb/s20651 103395 325   0 41629   0    0   0   0 137   7   0  99.86  71.36   0.00      -  0.000
ltstdb/s30661 131398  57   1 25769   0    0   0   0 12986   3   2  91.01  83.61   0.00      -  0.000
ltstdb/s30671 98662 183   2 33110   0    0   0   0  26 167   0  99.81  74.91   0.00      -  0.000
ltstdb/s30681 121437  10   0 28555   0    0   0   0 5199   5   0  95.89  80.96   0.00      -  0.000
ltstdb/s30691 100161   1   0 48243   0    0   0   0 1521   0   0  98.50  67.49   0.00      -  0.000
ltstdb/s30701 106807   0   0 32212   0    0   0   0 271   0   0  99.75  76.83      -      -  0.000
ltstdb/s30711 123492 18993   7 16870   0    0   0   0 10796  48   0  92.93  89.41   0.00      -  0.000
ltstdb/s30721 105473 335   0 39565   0    0   0   0 828   0   0  99.22  72.78   0.00      -  0.000
ltstdb/s30731 105982  35  11 36885   0    0   0   0  28   1   0  99.97  74.19   0.00      -  0.000
ltstdb/s30732 96562  25   2 33850   0    0   0   0  26   0   0  99.97  74.05   0.00      -  0.000
ltstdb/s30741 122703   0   0 31999   0    0   0   0 758   0   0  99.39  79.32      -      -  0.000
ltstdb/s30742 113339   0   0 28273   0    0   0   0 428   0   0  99.62  80.03      -      -  0.000
ltstdb/s30751 102389 3353   8 31986   0    0   0   0 191 123   0  99.70  76.78   0.00      -  0.000
ltstdb/s30752 113851 5836  19 32568   0    0   0   0 703 155   3  99.29  78.61   0.00      -  0.000
ltstdb/s30761 112069 3165  58 34373   0    0   0   0 1703  49   0  98.50  77.03   0.00      -  0.000
ltstdb/s30771 76261   6   0 33849   0    0   0   0 1806   0   0  97.69  69.26   0.00      -  0.000
ltstdb/s30781 92699 374   6 27338   0    0   0   0 16973  34   1  84.55  77.30   0.00      -  0.000
ltstdb/s30791 100355  53   1 32463   0    0   0   0  69   4   0  99.93  75.57   0.00      -  0.000
ltstdb/s30801 59276   0   0 34646   0    0   0   0 35097   0   0  62.81  63.11      -      -  0.000
______________________________________________________________________________________
Sum  8167674 68959 542 2504372   0    0   0   0 656583 3964  58
Gross                                                   92.58  76.69   0.00      -  0.000
Average                                                 92.53  76.44   0.00      -  0.000
Total QRS complexes: 8897780  Total VEBs: 72923

Summary of results from 86 records
