Record Nn' Vn' Fn' On'  Nv   Vv  Fv' Ov' No' Vo' Fo'  Q Se   Q +P   V Se   V +P  V FPR
ltstdb/s20011 98306   2   0  12   0    0   0   0 1745   0   0  98.26  99.99   0.00      -  0.000
ltstdb/s20021 88821 126   1   9   0    0   0   0   3  12   0  99.98  99.99   0.00      -  0.000
ltstdb/s20031 109022   0   0  71   0    0   0   0 477   1   1  99.56  99.93   0.00      -  0.000
ltstdb/s20041 102615 5869   6  44   0    0   0   0 255 558   1  99.26  99.96   0.00      -  0.000
ltstdb/s20051 111166   2   2   0   0    0   0   0 1721   0   0  98.48 100.00   0.00      -  0.000
ltstdb/s20061 115518 710   0   8   0    0   0   0 1631  66   0  98.56  99.99   0.00      -  0.000
ltstdb/s20071 85683   4   0  26   0    0   0   0  70   1   0  99.92  99.97   0.00      -  0.000
ltstdb/s20081 110525 1180  19   4   0    0   0   0 1140 112   3  98.89 100.00   0.00      -  0.000
ltstdb/s20091 110341   0   0   2   0    0   0   0 1229   0   0  98.90 100.00      -      -  0.000
ltstdb/s20101 70546 7073 384 409   0    0   0   0   6   8   0  99.98  99.48   0.00      -  0.000
ltstdb/s20111 85252   3   0  31   0    0   0   0  10   0   0  99.99  99.96   0.00      -  0.000
ltstdb/s20121 84677 547   0 3186   0    0   0   0 269  33   0  99.65  96.40   0.00      -  0.000
ltstdb/s20131 105156 488   6  30   0    0   0   0 643   7   0  99.39  99.97   0.00      -  0.000
ltstdb/s20141 115666   0   0   1   0    0   0   0 1008   0   0  99.14 100.00      -      -  0.000
ltstdb/s20151 14522  56   2  46   0    0   0   0 64976 110   9  18.30  99.69   0.00      -  0.000
ltstdb/s20161 83665   7   1 260   0    0   0   0  24   1   0  99.97  99.69   0.00      -  0.000
ltstdb/s20171 126096   6   0  19   0    0   0   0 421   3   0  99.66  99.98   0.00      -  0.000
ltstdb/s20181 106670 110   1  61   0    0   0   0 182  15   0  99.82  99.94   0.00      -  0.000
ltstdb/s20191 97363   7   0 1202   0    0   0   0 262   0   0  99.73  98.78   0.00      -  0.000
ltstdb/s20201 91439   9   0  60   0    0   0   0  27   2   0  99.97  99.93   0.00      -  0.000
ltstdb/s20211 98950  15   1 421   0    0   0   0 892   2   0  99.10  99.58   0.00      -  0.000
ltstdb/s20221 118771  24   0  16   0    0   0   0 384   3   0  99.68  99.99   0.00      -  0.000
ltstdb/s20231  4232   0   0   8   0    0   0   0 98865   2   1   4.10  99.81   0.00      -  0.000
ltstdb/s20241 91983   5   0  60   0    0   0   0 450   1   0  99.51  99.93   0.00      -  0.000
ltstdb/s20251 108285   5   0  85   0    0   0   0  81   2   0  99.92  99.92   0.00      -  0.000
ltstdb/s20261 52748 261   1  15   0    0   0   0 48816 485   0  51.81  99.97   0.00      -  0.000
ltstdb/s20271 105611 7209   0  23   0    0   0   0 697 684   0  98.79  99.98   0.00      -  0.000
ltstdb/s20272 117221 356   0  14   0    0   0   0 495   5   0  99.58  99.99   0.00      -  0.000
ltstdb/s20273 103261 559   0 207   0    0   0   0 153  47   0  99.81  99.80   0.00      -  0.000
ltstdb/s20274 118717 616   2  78   0    0   0   0 1640  86   0  98.57  99.93   0.00      -  0.000
ltstdb/s20281 73056   0   0 336   0    0   0   0  20   0   0  99.97  99.54      -      -  0.000
ltstdb/s20291 76143 403   0 360   0    0   0   0  34   7   0  99.95  99.53   0.00      -  0.000
ltstdb/s20301 106677  24   0  41   0    0   0   0  78   0   0  99.93  99.96   0.00      -  0.000
ltstdb/s20311 86058   2   0 994   0    0   0   0 127   1   0  99.85  98.86   0.00      -  0.000
ltstdb/s20321 91698 164   0 150   0    0   0   0  30  37   0  99.93  99.84   0.00      -  0.000
ltstdb/s20331 83979   6   3 198   0    0   0   0  30   0   0  99.96  99.76   0.00      -  0.000
ltstdb/s20341 100051  84   2  15   0    0   0   0 115   3   0  99.88  99.99   0.00      -  0.000
ltstdb/s20351 118332 713   0   8   0    0   0   0 524  83   0  99.49  99.99   0.00      -  0.000
ltstdb/s20361 105245  10   1 265   0    0   0   0 431   1   0  99.59  99.75   0.00      -  0.000
ltstdb/s20371 95452   5   0 2226   0    0   0   0 293   0   0  99.69  97.72   0.00      -  0.000
ltstdb/s20381 102458  49   0  15   0    0   0   0 461   4   0  99.55  99.99   0.00      -  0.000
ltstdb/s20391 100583  96   1  36   0    0   0   0 2058 105   6  97.89  99.96   0.00      -  0.000
ltstdb/s20401 76449  59   0  60   0    0   0   0 823   2   0  98.93  99.92   0.00      -  0.000
ltstdb/s20411 84628  22   0  29   0    0   0   0  56   1   0  99.93  99.97   0.00      -  0.000
ltstdb/s20421 17690   7   1 241   0    0   0   0 75178  86   4  19.04  98.66   0.00      -  0.000
ltstdb/s20431 101701  30   0  34   0    0   0   0 689   3   0  99.32  99.97   0.00      -  0.000
ltstdb/s20441 89686 3436   0  47   0    0   0   0   5   0   0  99.99  99.95   0.00      -  0.000
ltstdb/s20451 25950   0   0 148   0    0   0   0 62102   3   0  29.47  99.43   0.00      -  0.000
ltstdb/s20461 98828   2   0 100   0    0   0   0  42   0   0  99.96  99.90   0.00      -  0.000
ltstdb/s20471 115081  58   1  87   0    0   0   0 160   3   0  99.86  99.92   0.00      -  0.000
ltstdb/s20481 91012   0   0 1278   0    0   0   0 443   0   0  99.52  98.62      -      -  0.000
ltstdb/s20491 95904 750   0 586   0    0   0   0 272  25   0  99.69  99.40   0.00      -  0.000
ltstdb/s20501 27699  86   1   9   0    0   0   0 114523 416   0  19.47  99.97   0.00      -  0.000
ltstdb/s20511 81557   7   2 1406   0    0   0   0 1156   1   0  98.60  98.31   0.00      -  0.000
ltstdb/s20521 75194  10   0 891   0    0   0   0 129   3   0  99.82  98.83   0.00      -  0.000
ltstdb/s20531 86402  61   1 247   0    0   0   0 120   0   0  99.86  99.72   0.00      -  0.000
ltstdb/s20541 110550 559   5 137   0    0   0   0 4032   4   1  96.49  99.88   0.00      -  0.000
ltstdb/s20551 100451  51   2 223   0    0   0   0  65  60   0  99.88  99.78   0.00      -  0.000
ltstdb/s20561 100442  54   1 310   0    0   0   0 302  17   0  99.68  99.69   0.00      -  0.000
ltstdb/s20571 86415 2267   5 561   0    0   0   0 260  21   0  99.68  99.37   0.00      -  0.000
ltstdb/s20581 84893  16   0 554   0    0   0   0  24   2   0  99.97  99.35   0.00      -  0.000
ltstdb/s20591 84127   3   0 1629   0    0   0   0  31   0   0  99.96  98.10   0.00      -  0.000
ltstdb/s20601 116790   2   0  21   0    0   0   0 151   0   0  99.87  99.98   0.00      -  0.000
ltstdb/s20611 234378   0   0  21   0    0   0   0 1576   0   0  99.33  99.99      -      -  0.000
ltstdb/s20621 108178 1294   1 3351   0    0   0   0 2815  81   0  97.42  97.03   0.00      -  0.000
ltstdb/s20631 99906   0   0 209   0    0   0   0 130   0   0  99.87  99.79      -      -  0.000
ltstdb/s20641 83897 780   0 1685   0    0   0   0 175   2   0  99.79  98.05   0.00      -  0.000
ltstdb/s20651 103144 329   0 2366   0    0   0   0 388   3   0  99.62  97.76   0.00      -  0.000
ltstdb/s30661 131386  57   1  29   0    0   0   0 12998   3   2  91.00  99.98   0.00      -  0.000
ltstdb/s30671 98661 162   2  42   0    0   0   0  27 188   0  99.78  99.96   0.00      -  0.000
ltstdb/s30681 121374  12   0 363   0    0   0   0 5262   3   0  95.84  99.70   0.00      -  0.000
ltstdb/s30691 101457   1   0   5   0    0   0   0 225   0   0  99.78 100.00   0.00      -  0.000
ltstdb/s30701 106830   0   0   2   0    0   0   0 248   0   0  99.77 100.00      -      -  0.000
ltstdb/s30711 128557 16590   7  36   0    0   0   0 5731 2451   0  94.66  99.98   0.00      -  0.000
ltstdb/s30721 106030 328   0 110   0    0   0   0 271   7   0  99.74  99.90   0.00      -  0.000
ltstdb/s30731 105988  35  11  99   0    0   0   0  22   1   0  99.98  99.91   0.00      -  0.000
ltstdb/s30732 96580  22   1  15   0    0   0   0   8   3   1  99.99  99.98   0.00      -  0.000
ltstdb/s30741 122825   0   0   0   0    0   0   0 636   0   0  99.48 100.00      -      -  0.000
ltstdb/s30742 113356   0   0   2   0    0   0   0 411   0   0  99.64 100.00      -      -  0.000
ltstdb/s30751 102107 3432   8 326   0    0   0   0 473  44   0  99.51  99.69   0.00      -  0.000
ltstdb/s30752 78601 5875  20 539   0    0   0   0 35953 116   2  70.08  99.37   0.00      -  0.000
ltstdb/s30761 112419 2510  57  14   0    0   0   0 1353 704   1  98.24  99.99   0.00      -  0.000
ltstdb/s30771 77445   5   0  35   0    0   0   0 622   1   0  99.20  99.95   0.00      -  0.000
ltstdb/s30781 93026 366   7 124   0    0   0   0 16646  42   0  84.84  99.87   0.00      -  0.000
ltstdb/s30791 100287  57   1  63   0    0   0   0 137   0   0  99.86  99.94   0.00      -  0.000
ltstdb/s30801 92731   0   0 6474   0    0   0   0 1642   0   0  98.26  93.47      -      -  0.000
______________________________________________________________________________________
Sum  8243172 66140 568 35560   0    0   0   0 581085 6783  32
Gross                                                   93.39  99.57   0.00      -  0.000
Average                                                 93.47  99.54   0.00      -  0.000
Total QRS complexes: 8897780  Total VEBs: 72923

Summary of results from 86 records
